
The covariance matrix of the normalized data is the following: 
[[ 7.89911157e-01  1.64350328e-02  5.03965534e-02 -1.39557561e+00
   4.51870543e+00  2.35123047e-01  3.56524806e-01 -2.92133512e-02
   9.15320632e-02  1.07205560e+00  3.92238044e-03  1.22678110e-01
   2.36909466e+02]
 [ 1.64350328e-02  7.74344335e-01  3.18039952e-02  4.24165474e-01
  -2.21434109e-01  1.44160704e-02  3.75581395e-02  5.34385808e-03
   6.47891175e-02 -1.54797734e-01 -6.06599761e-02  6.96007454e-02
  -3.33629219e+01]
 [ 5.03965534e-02  3.18039952e-02  8.83052117e-02  3.73006798e-01
   1.40136434e+00  4.12452594e-02  8.26573643e-02  5.81539654e-03
   1.24709839e-02  1.22397007e-01  2.06346094e-03  3.02871079e-02
   3.18556160e+01]
 [-1.39557561e+00  4.24165474e-01  3.73006798e-01  1.15631181e+01
  -6.46193798e+00 -4.24464222e-01 -4.52046512e-01  1.24282469e-01
  -1.77910614e-01 -2.39565069e+00 -2.05387955e-02 -1.02069171e-03
  -5.11872284e+02]
 [ 4.51870543e+00 -2.21434109e-01  1.40136434e+00 -6.46193798e+00
   2.36586822e+02  2.55096899e+00  2.89720930e+00 -3.57263566e-01
   2.30737209e+00  8.63970543e+00  1.85996899e-01  9.56255814e-01
   2.31515659e+03]
 [ 2.35123047e-01  1.44160704e-02  4.12452594e-02 -4.24464222e-01
   2.55096899e+00  2.97453936e-01  3.40611628e-01 -2.64587657e-02
   1.30694305e-01  5.23527370e-01 -7.63816339e-04  1.28195856e-01
   9.73171139e+01]
 [ 3.56524806e-01  3.75581395e-02  8.26573643e-02 -4.52046512e-01
   2.89720930e+00  3.40611628e-01  5.44297674e-01 -2.88767442e-02
   2.16111628e-01  8.48084496e-01 -8.24186047e-04  1.88436434e-01
   1.41942171e+02]
 [-2.92133512e-02  5.34385808e-03  5.81539654e-03  1.24282469e-01
  -3.57263566e-01 -2.64587657e-02 -2.88767442e-02  1.18999463e-02
  -1.98501670e-02 -4.97212642e-02  9.44753727e-04 -2.42901670e-02
  -1.26918819e+01]
 [ 9.15320632e-02  6.47891175e-02  1.24709839e-02 -1.77910614e-01
   2.30737209e+00  1.30694305e-01  2.16111628e-01 -1.98501670e-02
   2.91137680e-01  2.39266834e-01 -9.77493143e-04  8.78196959e-02
   5.22928014e+01]
 [ 1.07205560e+00 -1.54797734e-01  1.22397007e-01 -2.39565069e+00
   8.63970543e+00  5.23527370e-01  8.48084496e-01 -4.97212642e-02
   2.39266834e-01  2.64316778e+00  2.68330829e-03  1.60809159e-01
   4.44340177e+02]
 [ 3.92238044e-03 -6.06599761e-02  2.06346094e-03 -2.05387955e-02
   1.85996899e-01 -7.63816339e-04 -8.24186047e-04  9.44753727e-04
  -9.77493143e-04  2.68330829e-03  2.84562519e-02 -8.13836136e-03
   6.93777746e+00]
 [ 1.22678110e-01  6.96007454e-02  3.02871079e-02 -1.02069171e-03
   9.56255814e-01  1.28195856e-01  1.88436434e-01 -2.42901670e-02
   8.78196959e-02  1.60809159e-01 -8.13836136e-03  2.25782952e-01
   3.83903673e+01]
 [ 2.36909466e+02 -3.33629219e+01  3.18556160e+01 -5.11872284e+02
   2.31515659e+03  9.73171139e+01  1.41942171e+02 -1.26918819e+01
   5.22928014e+01  4.44340177e+02  6.93777746e+00  3.83903673e+01
   1.24265433e+05]]

The eigenvalues of the normalized data are the following: 
[1.24313073e+05 1.93456026e+02 9.50168321e+00 1.32500169e+00
 8.10595669e-01 4.51081713e-01 2.69157831e-01 1.60993380e-01
 1.11100343e-01 6.13399000e-03 2.19782528e-02 3.20312852e-02
 5.87421686e-02]

The most important eigenvalues are the following: 
[124313.0734446]

The most important eigenvectors are the following: 
[[-1.90615566e-03 -4.75319302e-04 -4.70065618e-02  2.25255930e-01
   9.82089183e-02 -2.20758056e-01 -8.52483156e-01 -3.65140031e-01
  -1.65925760e-01 -5.62139324e-03 -2.07811823e-02  2.48378617e-02
  -8.18675258e-04]]

Reduced dataset saved at: data/foo1.csv
